0.07382619	0.05246205	0.03432336	0.04872807	0.04082039	0.04908115	0.05485537	0.04029134	0.03841896	0.0502811	0.03245617	0.04630604	0.04241337	0.0454141	0.04666647	0.03755896	0.04861178	0.04503407	0.03801936	0.04941569	0.04702592	0.04900475	0.03809719	0.05098052	0.02923009	0.04172098	0.04602034	0.05246205	0.07847017	0.03687201	0.05210632	0.04401776	0.04618106	0.04657097	0.04153897	0.03815996	0.04992861	0.0324009	0.05841468	0.04297558	0.04839692	0.04435074	0.04301447	0.05988501	0.04303471	0.0355502	0.04986479	0.04318299	0.04693031	0.0357913	0.04878382	0.03044531	0.0390201	0.04613575	0.03432336	0.03687201	0.06013701	0.03944008	0.04306433	0.03968046	0.03807793	0.03971956	0.04015853	0.03562702	0.03177487	0.03262352	0.03262483	0.0368318	0.0376967	0.03733929	0.03895966	0.03960831	0.03333077	0.03862568	0.04155898	0.03243268	0.04209866	0.03656552	0.0374168	0.03725615	0.03337312	0.04872807	0.05210632	0.03944008	0.07760631	0.04293219	0.04865635	0.05717172	0.043508	0.03973781	0.04780114	0.03702801	0.05140241	0.0502716	0.05565181	0.05651449	0.04139837	0.05081855	0.05077915	0.03829337	0.05755165	0.04539235	0.04991596	0.03963267	0.04810549	0.03370124	0.04102163	0.05493764	0.04082039	0.04401776	0.04306433	0.04293219	0.07705836	0.04530402	0.04562545	0.04693824	0.0563102	0.0423846	0.0384694	0.03837917	0.04043984	0.04034663	0.03998176	0.05903109	0.0434143	0.04385703	0.0399881	0.0416338	0.04450569	0.04143151	0.04493408	0.04148244	0.05137228	0.04792983	0.04094	0.04908115	0.04618106	0.03968046	0.04865635	0.04530402	0.08704265	0.05220881	0.04897271	0.04839355	0.05658761	0.03767121	0.0507563	0.06119215	0.0542731	0.0594106	0.04523988	0.04850063	0.04795863	0.03834618	0.04858429	0.04123947	0.05003198	0.04288405	0.04489831	0.03841564	0.04095554	0.05981333	0.05485537	0.04657097	0.03807793	0.05717172	0.04562545	0.05220881	0.0797794	0.04135446	0.0398745	0.0542231	0.03544076	0.05132774	0.05152499	0.05975918	0.0542276	0.04228206	0.05010475	0.05619213	0.04276518	0.05591657	0.04693404	0.0565678	0.03930992	0.0487917	0.03925192	0.04292108	0.05292101	0.04029134	0.04153897	0.03971956	0.043508	0.04693824	0.04897271	0.04135446	0.07134404	0.05275168	0.04083807	0.04549073	0.03804706	0.04150503	0.04308774	0.03961699	0.04066443	0.0408759	0.04556741	0.04526693	0.04219823	0.04340481	0.04716526	0.04193607	0.04185363	0.04016272	0.04183789	0.03837909	0.03841896	0.03815996	0.04015853	0.03973781	0.0563102	0.04839355	0.0398745	0.05275168	0.07282508	0.04075118	0.04280589	0.03881859	0.03793887	0.04225759	0.03832633	0.04563164	0.04250318	0.04262927	0.04020626	0.04224752	0.04668491	0.03831211	0.04260972	0.03971145	0.05011567	0.04115166	0.04282842	0.0502811	0.04992861	0.03562702	0.04780114	0.0423846	0.05658761	0.0542231	0.04083807	0.04075118	0.07500583	0.04095212	0.04480714	0.04673116	0.04340942	0.05154349	0.04233428	0.04820173	0.05093944	0.0386486	0.05534998	0.04731902	0.05268406	0.03744034	0.04400586	0.03289715	0.03894756	0.04841353	0.03245617	0.0324009	0.03177487	0.03702801	0.0384694	0.03767121	0.03544076	0.04549073	0.04280589	0.04095212	0.05841424	0.03275395	0.03203826	0.03327951	0.03175056	0.03561982	0.03385015	0.03417901	0.04494668	0.03841566	0.04231742	0.03187062	0.03753214	0.03531	0.03083454	0.03525978	0.03450272	0.04630604	0.05841468	0.03262352	0.05140241	0.03837917	0.0507563	0.05132774	0.03804706	0.03881859	0.04480714	0.03275395	0.07907966	0.05859582	0.05634488	0.04737433	0.0399917	0.06116645	0.04711241	0.03588795	0.05488792	0.04366838	0.05109059	0.03674329	0.04790256	0.03075199	0.04319784	0.04062579	0.04241337	0.04297558	0.03262483	0.0502716	0.04043984	0.06119215	0.05152499	0.04150503	0.03793887	0.04673116	0.03203826	0.05859582	0.07998359	0.05972188	0.06184236	0.04002591	0.06044748	0.04619195	0.03685096	0.0500171	0.03967092	0.04482993	0.03865721	0.04240105	0.0311127	0.039815	0.04900963	0.0454141	0.04839692	0.0368318	0.05565181	0.04034663	0.0542731	0.05975918	0.04308774	0.04225759	0.04340942	0.03327951	0.05634488	0.05972188	0.080065	0.06616088	0.04023979	0.05015702	0.04696527	0.038565	0.04985934	0.04332188	0.04873883	0.0382038	0.04454202	0.0320817	0.04341443	0.05774827	0.04666647	0.04435074	0.0376967	0.05651449	0.03998176	0.0594106	0.0542276	0.03961699	0.03832633	0.05154349	0.03175056	0.04737433	0.06184236	0.06616088	0.09269649	0.04168892	0.04752936	0.0485883	0.03986908	0.0511525	0.04040782	0.05076593	0.03707364	0.04636753	0.03231593	0.04080167	0.07803431	0.03755896	0.04301447	0.03733929	0.04139837	0.05903109	0.04523988	0.04228206	0.04066443	0.04563164	0.04233428	0.03561982	0.0399917	0.04002591	0.04023979	0.04168892	0.07134156	0.04321632	0.04097143	0.03642669	0.045241	0.04379094	0.03654197	0.0384145	0.0430135	0.05098794	0.04540541	0.03740218	0.04861178	0.05988501	0.03895966	0.05081855	0.0434143	0.04850063	0.05010475	0.0408759	0.04250318	0.04820173	0.03385015	0.06116645	0.06044748	0.05015702	0.04752936	0.04321632	0.08463277	0.04387702	0.04150949	0.0566738	0.04223108	0.04831965	0.0380301	0.04877207	0.03603585	0.04061591	0.04505049	0.04503407	0.04303471	0.03960831	0.05077915	0.04385703	0.04795863	0.05619213	0.04556741	0.04262927	0.05093944	0.03417901	0.04711241	0.04619195	0.04696527	0.0485883	0.04097143	0.04387702	0.07590692	0.03846613	0.05139851	0.04580076	0.04574042	0.04636699	0.04654526	0.03715616	0.04392769	0.04549016	0.03801936	0.0355502	0.03333077	0.03829337	0.0399881	0.03834618	0.04276518	0.04526693	0.04020626	0.0386486	0.04494668	0.03588795	0.03685096	0.038565	0.03986908	0.03642669	0.04150949	0.03846613	0.06657825	0.04095647	0.05393713	0.03723641	0.04417615	0.03786934	0.03584928	0.04414626	0.03774221	0.04941569	0.04986479	0.03862568	0.05755165	0.0416338	0.04858429	0.05591657	0.04219823	0.04224752	0.05534998	0.03841566	0.05488792	0.0500171	0.04985934	0.0511525	0.045241	0.0566738	0.05139851	0.04095647	0.07760457	0.05112366	0.04680669	0.04110755	0.04416731	0.03514836	0.04510855	0.04912596	0.04702592	0.04318299	0.04155898	0.04539235	0.04450569	0.04123947	0.04693404	0.04340481	0.04668491	0.04731902	0.04231742	0.04366838	0.03967092	0.04332188	0.04040782	0.04379094	0.04223108	0.04580076	0.05393713	0.05112366	0.07162271	0.04462446	0.04824944	0.04534701	0.0390317	0.04770417	0.03868625	0.04900475	0.04693031	0.03243268	0.04991596	0.04143151	0.05003198	0.0565678	0.04716526	0.03831211	0.05268406	0.03187062	0.05109059	0.04482993	0.04873883	0.05076593	0.03654197	0.04831965	0.04574042	0.03723641	0.04680669	0.04462446	0.07251438	0.03769638	0.04593521	0.0354693	0.03830673	0.04636551	0.03809719	0.0357913	0.04209866	0.03963267	0.04493408	0.04288405	0.03930992	0.04193607	0.04260972	0.03744034	0.03753214	0.03674329	0.03865721	0.0382038	0.03707364	0.0384145	0.0380301	0.04636699	0.04417615	0.04110755	0.04824944	0.03769638	0.06634339	0.03743977	0.04277893	0.0429241	0.03616124	0.05098052	0.04878382	0.03656552	0.04810549	0.04148244	0.04489831	0.0487917	0.04185363	0.03971145	0.04400586	0.03531	0.04790256	0.04240105	0.04454202	0.04636753	0.0430135	0.04877207	0.04654526	0.03786934	0.04416731	0.04534701	0.04593521	0.03743977	0.0725119	0.03604803	0.04219534	0.04988871	0.02923009	0.03044531	0.0374168	0.03370124	0.05137228	0.03841564	0.03925192	0.04016272	0.05011567	0.03289715	0.03083454	0.03075199	0.0311127	0.0320817	0.03231593	0.05098794	0.03603585	0.03715616	0.03584928	0.03514836	0.0390317	0.0354693	0.04277893	0.03604803	0.06267289	0.03872762	0.03232985	0.04172098	0.0390201	0.03725615	0.04102163	0.04792983	0.04095554	0.04292108	0.04183789	0.04115166	0.03894756	0.03525978	0.04319784	0.039815	0.04341443	0.04080167	0.04540541	0.04061591	0.04392769	0.04414626	0.04510855	0.04770417	0.03830673	0.0429241	0.04219534	0.03872762	0.07099148	0.04153107	0.04602034	0.04613575	0.03337312	0.05493764	0.04094	0.05981333	0.05292101	0.03837909	0.04282842	0.04841353	0.03450272	0.04062579	0.04900963	0.05774827	0.07803431	0.03740218	0.04505049	0.04549016	0.03774221	0.04912596	0.03868625	0.04636551	0.03616124	0.04988871	0.03232985	0.04153107	0.0823267
