0.8355644	0.0648584	-0.01715461	0.02409237	0.006863827	-0.07941676	0.1316053	-0.02931179	-0.01037152	0.08427448	0.03009733	0.02488909	-0.03670245	0.02809483	0.01263406	-0.006202662	-0.04306016	0.002466205	-0.03997152	0.06324997	0.09323078	0.09595185	0.002264565	-0.08962374	-0.02461095	-0.04933337	0.04227582	0.0648584	0.8104788	-0.03614386	0.04214266	-0.05203135	-0.01904657	-0.003036567	0.02214599	-0.001671552	-0.06452665	0.0001142365	0.1030564	-0.0008375418	-0.04400158	-0.041285	0.03842679	0.08340038	-0.02976514	0.01816772	0.01184373	0.0187709	0.003268976	0.006280729	0.0389067	-0.004118428	0.01211072	-0.02538825	-0.01715461	-0.03614386	0.6128222	0.0362549	0.03162817	0.03338177	0.0210621	0.0263117	0.004987042	-0.02002447	0.01811853	-0.007918535	0.002767218	0.02163632	-0.04172824	0.01696746	0.03399626	0.03159296	0.006086505	0.008041414	-0.04390552	-0.00309071	-0.06921146	0.01355953	0.03524259	-0.002865766	-0.02084575	0.02409237	0.04214266	0.0362549	0.9149297	-0.03857485	-0.004488659	0.1128216	-0.06690505	-0.05774403	0.02259077	-0.0455882	0.02953425	-0.01769827	0.1365372	0.08374242	0.02523593	-0.05736164	0.0445302	-0.05594494	0.1405093	0.01725843	0.0329557	-0.01021109	-0.04124318	-0.03019577	0.01088386	0.0729657	0.006863827	-0.05203135	0.03162817	-0.03857485	0.8248959	0.07305135	-0.05059995	-0.009607414	0.1117386	0.03804505	-0.01132992	-0.004869595	-0.004791472	-0.0237837	0.0009491991	0.1662374	0.03656102	0.05016172	-0.01024153	-0.004704808	-0.01463348	0.001853847	-0.04499119	-0.02627553	0.06910996	-0.06945936	0.02821256	-0.07941676	-0.01904657	0.03338177	-0.004488659	0.07305135	0.8008729	0.01553244	0.09746721	0.09900919	0.05603324	-0.0359502	-0.09011819	0.07777492	-0.05726048	0.06640646	0.066881	0.01316164	0.05921623	-0.03449664	0.007806939	-0.0248489	-0.07487114	0.03958593	0.04241756	0.05019424	-0.01634962	0.08596702	0.1316053	-0.003036567	0.0210621	0.1128216	-0.05059995	0.01553244	0.8304683	-0.03423894	-0.03269539	0.0933744	-0.01373544	-0.0286699	-0.05031305	0.1108828	0.02483656	0.03894123	-0.06225981	0.08997367	-0.08808308	0.1158337	-0.06151153	0.1266741	-0.03785853	-0.06322138	-0.06163262	-0.06095145	0.03891094	-0.02931179	0.02214599	0.0263117	-0.06690505	-0.009607414	0.09746721	-0.03423894	0.8244768	0.1147315	-0.02967118	0.05297075	-0.01693207	-0.02031693	-0.07664553	-0.006935525	-0.003468812	-0.0007463273	0.05664524	-0.08251886	0.02055869	-0.01562983	-0.1372608	0.02724869	0.03224071	0.04432746	-0.0432122	0.004606886	-0.01037152	-0.001671552	0.004987042	-0.05774403	0.1117386	0.09900919	-0.03269539	0.1147315	0.7433693	0.01896087	0.03094415	0.01242845	0.02354058	-0.06038546	-0.04251812	0.008850758	0.04666522	0.04723633	0.00642735	-0.04256778	-0.04514398	-0.02520337	0.01865698	-0.003070462	0.06506052	-0.03563682	-0.06777244	0.08427448	-0.06452665	-0.02002447	0.02259077	0.03804505	0.05603324	0.0933744	-0.02967118	0.01896087	0.7809295	0.0456152	-0.02858713	-0.01647611	0.01555258	0.0355392	0.0413254	-0.001632647	-0.02162989	0.01379193	0.09236297	0.06311344	0.07993348	-0.009655255	-0.03635541	-0.0009055982	-0.01646418	0.01012529	0.03009733	0.0001142365	0.01811853	-0.0455882	-0.01132992	-0.0359502	-0.01373544	0.05297075	0.03094415	0.0456152	0.5034356	0.01663256	0.01398756	-0.004232481	-0.01774082	-0.02912568	-0.009464762	-0.003780306	0.07441914	-0.04425439	0.03181659	0.003112469	0.02427257	-0.01243145	0.00562471	0.006729232	-0.0443568	0.02488909	0.1030564	-0.007918535	0.02953425	-0.004869595	-0.09011819	-0.0286699	-0.01693207	0.01242845	-0.02858713	0.01663256	0.7036214	0.09369759	0.08313489	0.008983702	0.03362794	0.07235646	-0.04701814	-0.002783581	-0.05692196	0.03427591	0.06891892	-0.02075344	0.02926295	-0.01494249	0.04200341	-0.003929547	-0.03670245	-0.0008375418	0.002767218	-0.01769827	-0.004791472	0.07777492	-0.05031305	-0.02031693	0.02354058	-0.01647611	0.01398756	0.09369759	0.7101706	0.09588028	0.0773682	0.03408829	0.1001472	-0.02038734	0.02036179	-0.04020272	-0.01423465	-0.01896897	0.01202903	-0.008604411	-0.0009986173	0.03627813	0.008300041	0.02809483	-0.04400158	0.02163632	0.1365372	-0.0237837	-0.05726048	0.1108828	-0.07664553	-0.06038546	0.01555258	-0.004232481	0.08313489	0.09588028	0.8775904	0.1445121	0.02294083	-0.0450871	-0.002201468	-0.04332103	0.03434328	-0.01469139	0.05921432	-0.02653008	-0.03536051	-0.03287523	-0.01149903	0.01707551	0.01263406	-0.041285	-0.04172824	0.08374242	0.0009491991	0.06640646	0.02483656	-0.006935525	-0.04251812	0.0355392	-0.01774082	0.008983702	0.0773682	0.1445121	0.7744256	0.03240894	-0.06056115	0.01902052	-0.06087935	0.03562875	0.00898396	0.004321127	-0.006793444	-0.02303317	-0.008561097	0.0539113	0.2847804	-0.006202662	0.03842679	0.01696746	0.02523593	0.1662374	0.066881	0.03894123	-0.003468812	0.008850758	0.0413254	-0.02912568	0.03362794	0.03408829	0.02294083	0.03240894	0.6894289	0.05135927	0.006941369	-0.02938394	0.06224485	0.003117983	0.007235141	-0.03623784	-0.03179811	0.05447213	-0.05092571	0.0189791	-0.04306016	0.08340038	0.03399626	-0.05736164	0.03656102	0.01316164	-0.06225981	-0.0007463273	0.04666522	-0.001632647	-0.009464762	0.07235646	0.1001472	-0.0450871	-0.06056115	0.05135927	0.7476958	0.005831376	0.06093978	0.04925654	0.0126838	-0.0200962	-0.01212271	0.0352487	0.02612288	0.01090609	-0.05290645	0.002466205	-0.02976514	0.03159296	0.0445302	0.05016172	0.05921623	0.08997367	0.05664524	0.04723633	-0.02162989	-0.003780306	-0.04701814	-0.02038734	-0.002201468	0.01902052	0.006941369	0.005831376	0.9243116	-0.02451051	0.06832624	0.03248067	0.02574839	0.05540214	-0.02833151	0.03913682	-0.03879486	0.02895491	-0.03997152	0.01816772	0.006086505	-0.05594494	-0.01024153	-0.03449664	-0.08808308	-0.08251886	0.00642735	0.01379193	0.07441914	-0.002783581	0.02036179	-0.04332103	-0.06087935	-0.02938394	0.06093978	-0.02451051	0.6161801	-0.06637619	0.1075438	-0.01638513	0.05784172	0.01134541	0.0192121	0.04161336	-0.05565331	0.06324997	0.01184373	0.008041414	0.1405093	-0.004704808	0.007806939	0.1158337	0.02055869	-0.04256778	0.09236297	-0.04425439	-0.05692196	-0.04020272	0.03434328	0.03562875	0.06224485	0.04925654	0.06832624	-0.06637619	0.9344894	0.0820293	0.02820422	-0.04297719	-0.01870796	-0.01778591	0.01008509	0.02792005	0.09323078	0.0187709	-0.04390552	0.01725843	-0.01463348	-0.0248489	-0.06151153	-0.01562983	-0.04514398	0.06311344	0.03181659	0.03427591	-0.01423465	-0.01469139	0.00898396	0.003117983	0.0126838	0.03248067	0.1075438	0.0820293	0.9154348	0.06106538	0.08472869	0.02855237	-0.0157727	-0.03171179	-0.001032171	0.09595185	0.003268976	-0.00309071	0.0329557	0.001853847	-0.07487114	0.1266741	-0.1372608	-0.02520337	0.07993348	0.003112469	0.06891892	-0.01896897	0.05921432	0.004321127	0.007235141	-0.0200962	0.02574839	-0.01638513	0.02820422	0.06106538	0.7991089	-0.001637655	0.003274288	-0.05233271	0.005041197	0.03814533	0.002264565	0.006280729	-0.06921146	-0.01021109	-0.04499119	0.03958593	-0.03785853	0.02724869	0.01865698	-0.009655255	0.02427257	-0.02075344	0.01202903	-0.02653008	-0.006793444	-0.03623784	-0.01212271	0.05540214	0.05784172	-0.04297719	0.08472869	-0.001637655	0.7286727	0.01782043	0.03517312	0.03865708	-0.004055583	-0.08962374	0.0389067	0.01355953	-0.04124318	-0.02627553	0.04241756	-0.06322138	0.03224071	-0.003070462	-0.03635541	-0.01243145	0.02926295	-0.008604411	-0.03536051	-0.02303317	-0.03179811	0.0352487	-0.02833151	0.01134541	-0.01870796	0.02855237	0.003274288	0.01782043	0.9212212	0.03529769	0.02921543	0.05087866	-0.02461095	-0.004118428	0.03524259	-0.03019577	0.06910996	0.05019424	-0.06163262	0.04432746	0.06506052	-0.0009055982	0.00562471	-0.01494249	-0.0009986173	-0.03287523	-0.008561097	0.05447213	0.02612288	0.03913682	0.0192121	-0.01778591	-0.0157727	-0.05233271	0.03517312	0.03529769	0.4158201	0.008705631	0.0167344	-0.04933337	0.01211072	-0.002865766	0.01088386	-0.06945936	-0.01634962	-0.06095145	-0.0432122	-0.03563682	-0.01646418	0.006729232	0.04200341	0.03627813	-0.01149903	0.0539113	-0.05092571	0.01090609	-0.03879486	0.04161336	0.01008509	-0.03171179	0.005041197	0.03865708	0.02921543	0.008705631	0.8565892	0.08703948	0.04227582	-0.02538825	-0.02084575	0.0729657	0.02821256	0.08596702	0.03891094	0.004606886	-0.06777244	0.01012529	-0.0443568	-0.003929547	0.008300041	0.01707551	0.2847804	0.0189791	-0.05290645	0.02895491	-0.05565331	0.02792005	-0.001032171	0.03814533	-0.004055583	0.05087866	0.0167344	0.08703948	0.6881298
