0.8230619	0.06368343	-0.01663369	0.01033994	0.006082181	-0.09094405	0.1175142	-0.02544849	-0.007184887	0.07813074	0.02849523	0.02192571	-0.03989044	0.01378171	-0.003742157	-0.008460571	-0.03476244	-0.003296351	-0.03345411	0.0565257	0.09363297	0.08365076	0.002874696	-0.08850271	-0.02152484	-0.04881421	0.02308087	0.06368343	0.8245747	-0.03265425	0.04259119	-0.04927917	-0.0160159	-0.007152649	0.02480859	0.00874214	-0.0566159	0.004860475	0.1149066	0.01256618	-0.04608419	-0.04311392	0.04802463	0.1032609	-0.02790909	0.02675486	0.01506092	0.0221995	0.004451445	0.01215635	0.04506446	0.003486962	0.0140554	-0.02957958	-0.01663369	-0.03265425	0.6145766	0.03705071	0.03936775	0.03882912	0.0198789	0.02832412	0.01276686	-0.01698698	0.01583241	-0.002425411	0.003824454	0.01988796	-0.04459423	0.02464211	0.04102628	0.03522434	0.003890072	0.009917997	-0.04198506	-0.004090953	-0.06613015	0.01442832	0.04290302	-0.005267774	-0.0231316	0.01033994	0.04259119	0.03705071	0.8993685	-0.03560299	-0.01580073	0.09663548	-0.06541383	-0.05274878	0.01491011	-0.04385284	0.02404232	-0.02381542	0.1258629	0.06521357	0.02385843	-0.05801934	0.03926409	-0.04864237	0.1299516	0.01567536	0.01615588	-0.008578543	-0.04584553	-0.0260453	0.008024157	0.05057323	0.006082181	-0.04927917	0.03936775	-0.03560299	0.8376845	0.08225024	-0.05042029	-0.007702604	0.1250948	0.04384279	-0.008210861	-0.0009227025	-0.003012737	-0.02940487	-0.001938638	0.1793992	0.04288277	0.05465821	-0.005357973	-0.005202502	-0.008776099	0.005951644	-0.04027236	-0.02441358	0.07968417	-0.06813983	0.0306196	-0.09094405	-0.0160159	0.03882912	-0.01580073	0.08225024	0.7927	0.003043796	0.1027879	0.1153468	0.05410241	-0.02762336	-0.09217103	0.07766007	-0.06941712	0.05530403	0.0728741	0.02446741	0.05473607	-0.021801	0.003969452	-0.02326837	-0.08362166	0.04966357	0.03976255	0.06242267	-0.008998134	0.06790703	0.1175142	-0.007152649	0.0198789	0.09663548	-0.05042029	0.003043796	0.8074192	-0.03368639	-0.02800757	0.08186703	-0.01402611	-0.03823286	-0.05712299	0.09440534	0.003572514	0.03232494	-0.06072318	0.08020478	-0.08397335	0.1079521	-0.06885252	0.105317	-0.03444445	-0.06910916	-0.060409	-0.06289179	0.01463337	-0.02544849	0.02480859	0.02832412	-0.06541383	-0.007702604	0.1027879	-0.03368639	0.8260126	0.1192351	-0.02908388	0.05190491	-0.01610817	-0.01946719	-0.07714228	-0.006721553	0.001944788	0.002712475	0.05936989	-0.08159352	0.02330948	-0.01317094	-0.1404949	0.03043532	0.03408203	0.0494236	-0.04217674	0.004339632	-0.007184887	0.00874214	0.01276686	-0.05274878	0.1250948	0.1153468	-0.02800757	0.1192351	0.7521085	0.02727718	0.03514194	0.02194097	0.0298034	-0.05977349	-0.03779666	0.02124366	0.05776566	0.05019543	0.01011756	-0.03747599	-0.04127405	-0.0176083	0.02536158	0.00164816	0.07768811	-0.03379555	-0.06285341	0.07813074	-0.0566159	-0.01698698	0.01491011	0.04384279	0.05410241	0.08186703	-0.02908388	0.02727718	0.7871374	0.05282081	-0.02296137	-0.007679645	0.008895768	0.0303186	0.04550181	0.01530835	-0.02289813	0.02250059	0.09196397	0.07114506	0.07871961	-0.004453743	-0.03013726	0.005015867	-0.01549858	0.00203898	0.02849523	0.004860475	0.01583241	-0.04385284	-0.008210861	-0.02762336	-0.01402611	0.05190491	0.03514194	0.05282081	0.4896099	0.0216699	0.01935644	-0.005357995	-0.01742755	-0.0272123	-0.001754421	-0.002394622	0.06810653	-0.04142688	0.03201798	0.006183388	0.02278623	-0.008077255	0.006041883	-0.0003889535	-0.04363396	0.02192571	0.1149066	-0.002425411	0.02404232	-0.0009227025	-0.09217103	-0.03823286	-0.01610817	0.02194097	-0.02296137	0.0216699	0.7178749	0.106586	0.08163921	0.00210804	0.03667024	0.09437349	-0.04615587	0.005782759	-0.05920175	0.03578138	0.06698123	-0.01795912	0.03782683	-0.009203695	0.04326845	-0.0133809	-0.03989044	0.01256618	0.003824454	-0.02381542	-0.003012737	0.07766007	-0.05712299	-0.01946719	0.0298034	-0.007679645	0.01935644	0.106586	0.7272805	0.09207898	0.07287307	0.03931722	0.1240094	-0.02194778	0.02765899	-0.04246634	-0.01383471	-0.01896483	0.01669672	-0.001582051	0.002536294	0.04007355	0.001630457	0.01378171	-0.04608419	0.01988796	0.1258629	-0.02940487	-0.06941712	0.09440534	-0.07714228	-0.05977349	0.008895768	-0.005357995	0.08163921	0.09207898	0.8691277	0.1254128	0.01625816	-0.04028489	-0.01336773	-0.04303585	0.02650216	-0.01858058	0.04585033	-0.02788243	-0.0361428	-0.03501931	-0.01325836	-0.005300729	-0.003742157	-0.04311392	-0.04459423	0.06521357	-0.001938638	0.05530403	0.003572514	-0.006721553	-0.03779666	0.0303186	-0.01742755	0.00210804	0.07287307	0.1254128	0.7495122	0.03003809	-0.05607377	0.00887031	-0.05599208	0.02514619	0.008757171	-0.01393739	-0.004434532	-0.02309218	-0.006262102	0.05244497	0.2547261	-0.008460571	0.04802463	0.02464211	0.02385843	0.1793992	0.0728741	0.03232494	0.001944788	0.02124366	0.04550181	-0.0272123	0.03667024	0.03931722	0.01625816	0.03003809	0.7040838	0.06061452	0.007760459	-0.02368422	0.06512136	0.007729814	0.004583915	-0.02787576	-0.03002097	0.06780574	-0.04677564	0.01617984	-0.03476244	0.1032609	0.04102628	-0.05801934	0.04288277	0.02446741	-0.06072318	0.002712475	0.05776566	0.01530835	-0.001754421	0.09437349	0.1240094	-0.04028489	-0.05607377	0.06061452	0.7847897	0.007098284	0.070752	0.05293223	0.01921997	-0.01086343	-0.007294854	0.046008	0.03430764	0.01437881	-0.04681133	-0.003296351	-0.02790909	0.03522434	0.03926409	0.05465821	0.05473607	0.08020478	0.05936989	0.05019543	-0.02289813	-0.002394622	-0.04615587	-0.02194778	-0.01336773	0.00887031	0.007760459	0.007098284	0.9255762	-0.02214135	0.06637293	0.03033149	0.01831527	0.05957988	-0.02456261	0.04319018	-0.03573223	0.02004327	-0.03345411	0.02675486	0.003890072	-0.04864237	-0.005357973	-0.021801	-0.08397335	-0.08159352	0.01011756	0.02250059	0.06810653	0.005782759	0.02765899	-0.04303585	-0.05599208	-0.02368422	0.070752	-0.02214135	0.6122313	-0.05734893	0.1079856	-0.01080591	0.0564642	0.01697725	0.02236027	0.03930496	-0.04840303	0.0565257	0.01506092	0.009917997	0.1299516	-0.005202502	0.003969452	0.1079521	0.02330948	-0.03747599	0.09196397	-0.04142688	-0.05920175	-0.04246634	0.02650216	0.02514619	0.06512136	0.05293223	0.06637293	-0.05734893	0.9320871	0.08317221	0.02125457	-0.03717621	-0.01675711	-0.01338491	0.01224449	0.01545846	0.09363297	0.0221995	-0.04198506	0.01567536	-0.008776099	-0.02326837	-0.06885252	-0.01317094	-0.04127405	0.07114506	0.03201798	0.03578138	-0.01383471	-0.01858058	0.008757171	0.007729814	0.01921997	0.03033149	0.1079856	0.08317221	0.9208968	0.05894494	0.08673962	0.02789079	-0.01112073	-0.03167295	-0.001816218	0.08365076	0.004451445	-0.004090953	0.01615588	0.005951644	-0.08362166	0.105317	-0.1404949	-0.0176083	0.07871961	0.006183388	0.06698123	-0.01896483	0.04585033	-0.01393739	0.004583915	-0.01086343	0.01831527	-0.01080591	0.02125457	0.05894494	0.7828229	-0.002645773	0.003334253	-0.04879921	0.00499307	0.01921269	0.002874696	0.01215635	-0.06613015	-0.008578543	-0.04027236	0.04966357	-0.03444445	0.03043532	0.02536158	-0.004453743	0.02278623	-0.01795912	0.01669672	-0.02788243	-0.004434532	-0.02787576	-0.007294854	0.05957988	0.0564642	-0.03717621	0.08673962	-0.002645773	0.7343913	0.02096101	0.04348569	0.03911176	1.172273e-05	-0.08850271	0.04506446	0.01442832	-0.04584553	-0.02441358	0.03976255	-0.06910916	0.03408203	0.00164816	-0.03013726	-0.008077255	0.03782683	-0.001582051	-0.0361428	-0.02309218	-0.03002097	0.046008	-0.02456261	0.01697725	-0.01675711	0.02789079	0.003334253	0.02096101	0.9188459	0.04034181	0.03138906	0.04635192	-0.02152484	0.003486962	0.04290302	-0.0260453	0.07968417	0.06242267	-0.060409	0.0494236	0.07768811	0.005015867	0.006041883	-0.009203695	0.002536294	-0.03501931	-0.006262102	0.06780574	0.03430764	0.04319018	0.02236027	-0.01338491	-0.01112073	-0.04879921	0.04348569	0.04034181	0.4287419	0.008509992	0.02498745	-0.04881421	0.0140554	-0.005267774	0.008024157	-0.06813983	-0.008998134	-0.06289179	-0.04217674	-0.03379555	-0.01549858	-0.0003889535	0.04326845	0.04007355	-0.01325836	0.05244497	-0.04677564	0.01437881	-0.03573223	0.03930496	0.01224449	-0.03167295	0.00499307	0.03911176	0.03138906	0.008509992	0.8528786	0.08727486	0.02308087	-0.02957958	-0.0231316	0.05057323	0.0306196	0.06790703	0.01463337	0.004339632	-0.06285341	0.00203898	-0.04363396	-0.0133809	0.001630457	-0.005300729	0.2547261	0.01617984	-0.04681133	0.02004327	-0.04840303	0.01545846	-0.001816218	0.01921269	1.172273e-05	0.04635192	0.02498745	0.08727486	0.655229
