0.07623322	0.05478522	0.03523159	0.04655749	0.04024855	0.05636158	0.05990312	0.04015043	0.03794152	0.05744446	0.0370967	0.04380831	0.04376015	0.04769068	0.04738815	0.03887231	0.04732955	0.04682506	0.04091694	0.05327467	0.04817321	0.05217607	0.03690938	0.04944578	0.03137954	0.04328778	0.0516846	0.05478522	0.07870375	0.03870259	0.05110162	0.04437221	0.05142427	0.04785977	0.04019363	0.03711849	0.05163389	0.03402153	0.06084522	0.05085934	0.05311514	0.04616235	0.04203193	0.06013543	0.04631194	0.03721194	0.0446988	0.04152433	0.04517908	0.03657662	0.0476951	0.03173368	0.04032984	0.04423671	0.03523159	0.03870259	0.06273835	0.04129036	0.04397546	0.04069253	0.03909552	0.04024982	0.03725201	0.03886507	0.03436938	0.03318826	0.03372265	0.03845999	0.04046785	0.04180727	0.03793232	0.03711971	0.03559018	0.03745195	0.04187227	0.0349407	0.04327198	0.03582784	0.03736954	0.03667724	0.03606857	0.04655749	0.05110162	0.04129036	0.07312219	0.04435621	0.05075553	0.05567278	0.04729034	0.04076853	0.04950483	0.03822886	0.04744326	0.04795886	0.05596085	0.05360993	0.03937095	0.05206526	0.04769206	0.03805131	0.0581	0.04470165	0.04751709	0.03949647	0.04669499	0.03539512	0.04214336	0.05379388	0.04024855	0.04437221	0.04397546	0.04435621	0.07352585	0.04625735	0.04750602	0.04680406	0.05125939	0.0421824	0.03609626	0.03718572	0.04099511	0.04256349	0.0417422	0.05659906	0.04006155	0.04511455	0.03896639	0.04309927	0.04319061	0.04002239	0.04247061	0.04272655	0.04346622	0.04656264	0.04152565	0.05636158	0.05142427	0.04069253	0.05075553	0.04625735	0.09160532	0.05653128	0.04652455	0.04800246	0.0633466	0.03859178	0.05788852	0.06950606	0.05374817	0.06602736	0.04687344	0.05457858	0.05614799	0.03862123	0.04745022	0.04346688	0.05248195	0.04206868	0.04833722	0.03847876	0.0401105	0.07033608	0.05990312	0.04785977	0.03909552	0.05567278	0.04750602	0.05653128	0.07879944	0.04287326	0.04145462	0.06134914	0.03578895	0.04819027	0.0500454	0.05504835	0.05581414	0.0420371	0.05158343	0.05675509	0.0430169	0.05852257	0.04882548	0.06012975	0.03891574	0.04681422	0.04084382	0.04568806	0.05458392	0.04015043	0.04019363	0.04024982	0.04729034	0.04680406	0.04652455	0.04287326	0.07133297	0.05000448	0.04121853	0.04564006	0.03816733	0.03834566	0.04399167	0.04040609	0.04132636	0.03825405	0.04447864	0.04604805	0.04257807	0.0433942	0.04745673	0.041615	0.04026261	0.04001713	0.04216402	0.03958984	0.03794152	0.03711849	0.03725201	0.04076853	0.05125939	0.04800246	0.04145462	0.05000448	0.06434801	0.03871592	0.03571218	0.03828253	0.03885171	0.04327734	0.04004681	0.04406241	0.0411879	0.04464294	0.03619468	0.04149477	0.04701073	0.03851398	0.03911758	0.03975421	0.03998219	0.03839202	0.04469327	0.05744446	0.05163389	0.03886507	0.04950483	0.0421824	0.0633466	0.06134914	0.04121853	0.03871592	0.08406508	0.03702698	0.0451877	0.05024814	0.05078498	0.05590085	0.04036603	0.04703793	0.05252423	0.03567984	0.05627656	0.04543929	0.05861848	0.03510855	0.04576795	0.03059527	0.0376788	0.05420264	0.0370967	0.03402153	0.03436938	0.03822886	0.03609626	0.03859178	0.03578895	0.04564006	0.03571218	0.03702698	0.05882324	0.03063706	0.03055703	0.03430793	0.03436198	0.03441996	0.03175845	0.03455112	0.04883229	0.03866576	0.04265118	0.03315424	0.03958757	0.03488736	0.02813646	0.03845224	0.03562341	0.04380831	0.06084522	0.03318826	0.04744326	0.03718572	0.05788852	0.04819027	0.03816733	0.03828253	0.0451877	0.03063706	0.08378658	0.05884183	0.05677569	0.0443942	0.04053947	0.05777272	0.04920333	0.03534308	0.05066803	0.04301453	0.05088409	0.03681919	0.04777273	0.02813811	0.04058645	0.04080193	0.04376015	0.05085934	0.03372265	0.04795886	0.04099511	0.06950606	0.0500454	0.03834566	0.03885171	0.05024814	0.03055703	0.05884183	0.08343973	0.058541	0.06078568	0.04031866	0.06355597	0.04993896	0.03406364	0.04842696	0.04041184	0.04451626	0.03677195	0.04672537	0.03044698	0.03954187	0.05159927	0.04769068	0.05311514	0.03845999	0.05596085	0.04256349	0.05374817	0.05504835	0.04399167	0.04327734	0.05078498	0.03430793	0.05677569	0.058541	0.07864707	0.06190676	0.04099856	0.04936093	0.04632886	0.03741458	0.04980872	0.04415017	0.05036034	0.03833805	0.04539735	0.03259268	0.04246917	0.05496569	0.04738815	0.04616235	0.04046785	0.05360993	0.0417422	0.06602736	0.05581414	0.04040609	0.04004681	0.05590085	0.03436198	0.0443942	0.06078568	0.06190676	0.09011738	0.04163277	0.05169914	0.05290245	0.03937533	0.05063154	0.04323767	0.05002407	0.03821241	0.05067649	0.03377768	0.04311367	0.0735956	0.03887231	0.04203193	0.04180727	0.03937095	0.05659906	0.04687344	0.0420371	0.04132636	0.04406241	0.04036603	0.03441996	0.04053947	0.04031866	0.04099856	0.04163277	0.07090676	0.0405483	0.04265406	0.03480517	0.04234918	0.04197943	0.03680555	0.03964841	0.03979641	0.04523354	0.04308068	0.03946175	0.04732955	0.06013543	0.03793232	0.05206526	0.04006155	0.05457858	0.05158343	0.03825405	0.0411879	0.04703793	0.03175845	0.05777272	0.06355597	0.04936093	0.05169914	0.0405483	0.08246128	0.0499729	0.03949001	0.05267322	0.03998388	0.0472341	0.03590566	0.04794798	0.02963785	0.03918395	0.04921007	0.04682506	0.04631194	0.03711971	0.04769206	0.04511455	0.05614799	0.05675509	0.04447864	0.04464294	0.05252423	0.03455112	0.04920333	0.04993896	0.04632886	0.05290245	0.04265406	0.0499729	0.07885385	0.03719723	0.05203546	0.04446002	0.05076321	0.04423735	0.04895533	0.03772697	0.04310524	0.05488454	0.04091694	0.03721194	0.03559018	0.03805131	0.03896639	0.03862123	0.0430169	0.04604805	0.03619468	0.03567984	0.04883229	0.03534308	0.03406364	0.03741458	0.03937533	0.03480517	0.03949001	0.03719723	0.06784814	0.04144834	0.05202618	0.03775156	0.04625345	0.0365486	0.03376096	0.04308103	0.03674267	0.05327467	0.0446988	0.03745195	0.0581	0.04309927	0.04745022	0.05852257	0.04257807	0.04149477	0.05627656	0.03866576	0.05066803	0.04842696	0.04980872	0.05063154	0.04234918	0.05267322	0.05203546	0.04144834	0.0744166	0.0478776	0.04846067	0.04100887	0.0439613	0.03466385	0.04433141	0.0495326	0.04817321	0.04152433	0.04187227	0.04470165	0.04319061	0.04346688	0.04882548	0.0433942	0.04701073	0.04543929	0.04265118	0.04301453	0.04041184	0.04415017	0.04323767	0.04197943	0.03998388	0.04446002	0.05202618	0.0478776	0.0730966	0.04751417	0.05045075	0.04640624	0.04047458	0.04719446	0.04045818	0.05217607	0.04517908	0.0349407	0.04751709	0.04002239	0.05248195	0.06012975	0.04745673	0.03851398	0.05861848	0.03315424	0.05088409	0.04451626	0.05036034	0.05002407	0.03680555	0.0472341	0.05076321	0.03775156	0.04846067	0.04751417	0.08043357	0.03752246	0.04549283	0.03374884	0.0411899	0.05005145	0.03690938	0.03657662	0.04327198	0.03949647	0.04247061	0.04206868	0.03891574	0.041615	0.03911758	0.03510855	0.03958757	0.03681919	0.03677195	0.03833805	0.03821241	0.03964841	0.03590566	0.04423735	0.04625345	0.04100887	0.05045075	0.03752246	0.06826877	0.03930116	0.03959656	0.04231892	0.03623542	0.04944578	0.0476951	0.03582784	0.04669499	0.04272655	0.04833722	0.04681422	0.04026261	0.03975421	0.04576795	0.03488736	0.04777273	0.04672537	0.04539735	0.05067649	0.03979641	0.04794798	0.04895533	0.0365486	0.0439613	0.04640624	0.04549283	0.03930116	0.07533141	0.03519306	0.03941654	0.05389613	0.03137954	0.03173368	0.03736954	0.03539512	0.04346622	0.03847876	0.04084382	0.04001713	0.03998219	0.03059527	0.02813646	0.02813811	0.03044698	0.03259268	0.03377768	0.04523354	0.02963785	0.03772697	0.03376096	0.03466385	0.04047458	0.03374884	0.03959656	0.03519306	0.05312769	0.03420681	0.03235511	0.04328778	0.04032984	0.03667724	0.04214336	0.04656264	0.0401105	0.04568806	0.04216402	0.03839202	0.0376788	0.03845224	0.04058645	0.03954187	0.04246917	0.04311367	0.04308068	0.03918395	0.04310524	0.04308103	0.04433141	0.04719446	0.0411899	0.04231892	0.03941654	0.03420681	0.06918984	0.04601862	0.0516846	0.04423671	0.03606857	0.05379388	0.04152565	0.07033608	0.05458392	0.03958984	0.04469327	0.05420264	0.03562341	0.04080193	0.05159927	0.05496569	0.0735956	0.03946175	0.04921007	0.05488454	0.03674267	0.0495326	0.04045818	0.05005145	0.03623542	0.05389613	0.03235511	0.04601862	0.08427528
